algorithm:MD5, bits:14, random:0, round:64, reduction:start
9a4,12b4
3ae9,12f1
382d,12a8
1b64,13a1
93f,dbd
143,1b5a
1b62,2c4c
37fa,1bb8
1bb8,203a
1044,16cf
872,2778
2e3,297c
684,2be5
203d,128e
9b4,130e
2bba,1dc5
4d0,17e8
3368,206f
15b4,684
118c,9fe
1880,170c
ab2,3a11
2035,767
1936,c8e
3f95,259c
91c,30a9
16a4,2c4e
390c,3ce8
2345,118c
550,1ae8
cdf,659
24db,185
b36,37fa
3882,1994
199,1b59
2101,10ac
3439,39f4
12b2,3a59
32e,224b
d62,1e35
2c8f,3457
25b4,2434
ef1,2345
dea,2214
cc7,a96
3930,a
284c,2cac
2b35,1044
2cf9,4fb
2443,32af
10ac,3acc
2d18,321f
311f,2b35
15d4,3c67
dbd,1f5f
3601,7c1
201d,2d18
123e,283c
3269,6fc
128e,3676
1034,4d0
1253,370
8f9,34af
2933,25a3
2151,2386
3a11,2b77
1904,15d4
2434,802
1d18,32e4
429,2d9f
2ff8,228a
795,2218
c2,2564
9fe,3aab
2b7e,2c97
2e52,1d40
1ced,276f
f30,334b
15e3,2962
306d,16ce
3aab,23c6
3c9a,f11
1cc5,1e53
1b59,2945
1751,10a9
203a,25e2
62e,2035
1ef9,5f0
8f,3432
a,3368
27ad,ee1
1bae,1f1b
1de0,1468
2f66,1bae
10c7,1c0d
7c1,1d18
1180,2d5c
4fb,3ae9
3aed,9b4
1f09,28fc
27a7,31d2
14d,bab
1e53,24c9
924,429
1630,2fee
2523,2b31
261b,1de0
243e,3e46
30d0,d20
122d,252a
3676,340a
25e5,16a4
32e4,2537
133d,358d
767,3d1c
252a,1ef9
16ce,1b64
3457,1466
1fa4,18db
3276,261b
1d56,1bb5
2904,3498
1d53,ab
147a,30ae
321f,1936
276f,255d
185,3fa1
21dd,3f95
6fc,a57
16cf,3953
39cd,13cf
340a,2b9d
22a,2ff6
2d5c,3b46
5f0,304f
2b77,f10
17e8,500
2c17,bed
370,118b
255d,1034
11d9,2bcc
c78,1a2a
33e2,3606
2480,1913
2deb,8c5
366f,1939
2214,1075
102b,2593
3b40,3601
1229,eb6
1f82,984
f10,720
ab,824
2962,1253
2bcc,12b8
cdb,10b4
188e,2ff8
1032,32e
34fe,6fb
256c,2ec
25e2,1f09
322c,290b
2ec,2904
5ed,28cb
25f3,2e83
2985,1f93
3acc,2985
d5d,1883
2b9d,8ca
3606,2216
2892,ab2
287d,1709
23ff,189d
259c,24db
3403,2c2f
2b31,147a
290b,3a59
38ac,2f66
8e7,977
2d80,31f5
1f5f,291c
118b,1257
17ad,3b40
23b9,dea
52,21e1
976,2a91
3558,14d
2c4c,cdf
dd4,4d0
10a9,2cf9
17bc,323
23e8,1c8
2491,1907
1f93,3ecf
304f,2b7e
3eb6,1880
28fc,2297
319b,26d1
d20,188e
13b7,369
13cf,22a
2d9f,38ac
1b5a,3882
3b46,b8b
334b,322c
1ea2,9af
1c0d,3af9
31d2,2892
1883,1218
17b6,3d27
3c67,5ed
2dd0,24ef
18a0,26da
130e,1f82
147,15e3
70b,314f
2c3a,ce9
2c4e,3173
3d71,1203
f27,247c
541,199
1e9f,2c3a
14f3,2cec
9af,122d
1d40,1812
1f1b,30d0
1981,147
717,1032
1c8,15d7
30ae,39d2
15cb,620
1812,33fb
d94,315b
500,143
15d7,2196
12a8,25e5
bd4,516
12b4,24bf
1e16,1ea2
1218,2461
1f4d,30bb
6f8,cdb
20a8,37ce
2e6e,b36
31f5,2cd3
1913,37e0
10b4,d5d
291c,12ef
1907,382d
1f1f,2f2e
8c5,2cf7
2593,20f0
26d1,3331
8ca,3b9c
2569,2bba
2778,3930
720,126e
2ff6,1c5c
170c,2feb
1ae8,3018
37ce,b3b
3cb2,3aed
1c5c,284c
3ff9,12b2
977,27a7
761,1d9b
2945,bd4
224b,8f
1080,91c
ce9,9a4
ee1,21dd
2cf7,541
41f,dd4
12f1,2569
198f,390c
283c,291b
984,2c12
19e,1b79
3e46,2e52
26b7,27c9
2dba,26b7
1023,2e6e
33fb,19e
1203,1ced
c8e,2101
3be3,2866
12fa,2151
154d,2d66
2f56,3e81
3076,3c9a
a96,420
13b2,1b17
228a,2491
1b79,1751
516,872
1abe,1730
189d,1f80
39f4,102b
54a,306c
297c,1904
8ed,6f8
2c12,62e
25a3,1d53
1c67,2f56
3173,1f8d
1994,1023
fee,3558
b2b,1229
27c9,434
2feb,3276
3473,3c7e
3d1c,2933
2f06,10c7
87,2c8f
3953,12fa
3b70,319b
26da,13d4
126e,243e
2f8d,31fd
13d4,70b
659,da2
1b8,22ad
39d2,13b7
2216,23e8
2346,1b62
2a91,2346
37e0,3be3
1e2a,1e34
bab,3269
3b9c,20a8
1da3,1080
b8b,27ad
2e83,287d
1900,23ef
291b,550
3af9,2e10
1257,3d71
2297,1180
3e81,3b70
f2a,201d
3432,311f
3c25,2148
3fa1,17b6
3ce8,146b
1d9b,2dba
2196,14f3
18db,3863
2cac,256c
2386,306d
2b29,3209
2f8f,717
323,15b4
2be5,3dc5
289e,20fb
12ef,25c2
3a59,3cb2
3ecf,1981
f11,15cb
2ecc,11fc
a73,15f4
2fee,41f
1709,1630
a57,ef1
1a2a,315d
3c2f,2ea3
206f,2523
1ec5,13b2
25c2,52
bed,87
509,32a8
2bb3,2d80
13a1,17ad
1dc5,fee
3498,f30
8c0,c78
2d66,1da3
e0c,1fa4
358d,123e
2a93,158f
1b17,2443
369,2deb
1124,3c25
120e,2dd0
2ed2,d94
11b,3f3b
824,39cd
8ee,509
879,1c4
2a57,1c9e
3863,117c
2537,2f8f
2564,1abe
184a,32ba
802,f2a
12b8,315d
180e,1b1d
2cec,1203
187,3439
247c,3524
20fb,33e2
1f27,8ed
b75,320b
1e35,27e0
27e0,e72
2c2f,11b
3524,187
2080,1759
1f8d,25b4
2cd3,879
23c6,203d
1c4,180e
23d7,34fe
22d5,f55
420,33ed
6b1,2770
8ea,8c0
11c1,212f
117c,3eb6
e72,12d8
1466,133d
1e19,37e5
3d27,3280
1f80,b75
24d2,794
2e10,3ff9
1939,8ea
1730,154d
620,3076
306c,11c1
30a9,93f
1c9e,5cc
b3b,976
d76,cc7
de8,bdb
1075,26a9
3ff7,542
2c97,1f1f
3dc5,17bc
26a9,2bb3
33ed,1ec5
24bf,198f
4a6,1f9e
2f72,2971
c1f,57a
32ba,f27
2218,2e3
dfd,3092
29ad,25f3
16f9,54a
5cc,1ca5
57a,11df
28cb,1e16
315d,977
146b,761
1e34,b2b
24c9,795
20f0,2a93
2589,3a4e
2f2e,3403
1ea6,d76
1759,1124
164a,16f9
24ef,18a0
1240,d62
1468,11d9
133,9f1
27a4,29ad
21e1,5be
32a8,23b9
22ad,1e2a
2,289e
212f,2ed2
27c2,3a71
1ca5,1236
244,1240
1bb5,22d5
314f,1900
2148,1e19
3280,924
1b1d,2f06
9f1,1f4d
da2,23d7
979,366f
2ea3,8f9
35de,2090
2090,184a
3f3b,1ea6
5be,2c17
11df,133
1ab2,10a4
32af,27a4
194b,2589
6fb,1d56
158f,2a57
434,2480
794,1f27
13cc,27c2
3a71,1b8
eb6,3c2f
23ef,164a
320b,e0c
2866,8e7
2971,244
542,6b1
2770,2ce2
3018,c4d
37e5,3ff7
11fc,c1f
30bb,4a6
2b05,2a32
2ce2,c2
b8e,a73
2f5c,25e2
3dc6,1ad
315b,2080
c4d,979
1236,3473
10a4,2f72
12d8,2ecc
f55,2
3a4e,dfd
3331,1cc5
3c7e,13cc
38a2,1186
2461,287d
15f4,8ee
3209,3dc6
34af,24d2
2a32,2f8d
1007,23ff
bdb,1007
1186,b8e
1ad,d50
1f9e,1e9f
31c6,38a2
3092,1ab2
d50,35de
31fd,120e
d5b,1c67
43b,1546
24b2,de8
1546,2b29
3cd6,d5b
