algorithm:MD5, bits:14, random:0, round:228, reduction:end
31b9,7dc
306c,15c2
cf2,7e7
198b,110e
285f,b31
204d,1dc3
1408,285f
cc0,3f09
2b42,24f3
3e06,1441
582,2e81
237c,dea
2e81,2065
eec,2376
23dd,3f2b
dcd,524
a8d,296d
204f,187c
31e1,1f34
1958,22b9
3e17,2ada
12a0,1a73
244,31bb
a3f,1f07
22b9,36a1
fc0,45c
25bd,34c0
17f2,31e1
15c7,2032
2e1d,306c
36c6,341a
1f34,36c6
3e70,3d5e
3116,2b97
3ae,19f0
27ec,b84
19f0,3e59
3c80,3e04
24d1,3116
15c2,3e06
1df,1f5a
1f5a,3c80
2db9,cc0
aa9,3cb6
10c9,3e17
b31,a22
dea,426
2290,fc1
1cfb,1b09
341a,c27
296d,11c0
24f3,1408
357d,11f0
6fd,20cb
5dc,b7e
8fa,21ab
2ada,197f
2b97,2b42
1557,8d
2376,fa3
16b,17d
2f58,1728
fa3,86f
374,1e06
16b6,1cfb
86f,e5e
fa2,12cf
197f,1241
15f7,3ae
2032,23ce
21ab,244
3cb4,9e5
524,237c
2fa4,31b9
1f84,15f7
39d9,2fa4
1d1b,1115
1115,10c9
a22,6fd
2387,1eb1
b84,d51
3b4e,2271
110e,16b6
3574,1
11f0,3b8c
1e06,204d
136c,198b
39cf,2791
262d,39cf
3d3f,2db9
3f09,15c7
9c9,574
343d,374
2065,a8d
2f32,39d9
3c54,582
12cf,2f58
31bb,fa2
293c,1508
2343,343d
3e04,2060
1b09,2b6d
2b6d,376e
1,1df
8d,2b4a
353b,37e8
11c0,8fa
1a73,b3
36a1,1f84
3f2b,220e
e5e,3c54
1b57,2061
376e,aa9
1855,1229
2b4a,2e1d
7e7,3574
b3,23dd
2791,3e70
1f07,2f8d
7dc,353b
3e1e,153e
2a78,3d05
3b8c,1958
9e5,2f32
426,136c
2216,205f
220e,24d1
1441,eec
17d,a3f
3cb6,12a0
1728,25bd
34c0,39c5
2a45,22f8
1bcc,3bd2
721,1855
20cb,1557
d51,1d1b
116f,2387
45c,2290
fc1,262d
3e59,16b
574,1f67
1241,cf2
1d7d,204f
32b4,27ec
2e36,2406
187c,357d
c96,2a45
3d5e,17f2
1eb1,9c9
c27,2343
37e8,1d7d
2f8d,fc0
3883,2ba1
23ce,32b4
2060,2730
bb5,5f5
2730,dcd
383,dc4
dc4,3cb4
2ba1,bb5
153e,24d1
1f67,383
39c5,754
27d6,1aaf
1dc3,3b4e
3d05,2020
129d,2418
613,2e36
754,3d3f
2061,2f96
3817,157e
1aaf,819
34cc,38fb
2271,116f
32d9,2a78
157e,129d
1508,3817
ba6,721
2f96,1c6f
284f,1f93
22f5,33d3
2418,605
2188,1d83
2406,23a9
6e3,ba6
22f8,2188
3e9d,34cc
17c3,3883
2f34,2882
1d83,613
605,293c
33d3,3e9d
5f5,32d9
1c6f,284f
2020,17c3
328c,258c
819,c96
1c5e,1bcc
1f93,5dc
3b6b,1b57
38fb,3e1e
1229,2f34
258c,328c
c72,c72
3e7d,f2e
23a9,3b6b
1e4e,27d6
b7e,22f5
1de6,2216
205f,2f7d
3bd2,1de6
f3f,6e3
2f7d,1c5e
2882,f3f
f2e,1e4e
