algorithm:RIPEMD160, bits:14, random:0, round:151, reduction:end
3793,130
1bf0,1748
3222,1116
37dd,2193
3b8a,35be
7df,396
3e66,2d50
1748,301f
250c,1d6b
396,2344
36b7,35f5
164b,846
30db,3b8a
2247,189c
35be,1954
2062,3a7a
301f,2d99
31f,3b7a
3dc3,1bf0
9bb,3320
2d50,1faa
846,137
33c2,30ea
948,13
1a3,2919
3a14,92c
552,250c
1134,1430
1d6b,1a3
35f5,1b8d
c9f,2d0
d37,3a14
1f5f,374
1954,c9f
2ae2,1f5f
1368,1c0e
2d0,552
374,25bc
56d,32a9
1430,3793
1b8d,101c
25bc,1134
2344,3dc3
130,3e66
3b7a,3b1d
1faa,948
3320,1d82
b7c,2339
2614,3267
254c,36b7
1e58,268a
137,2e6c
989,3d3
11af,2aa1
3a7a,3844
3844,3a51
30ea,3224
13,7df
3abf,254c
1670,ca
ca,e92
1206,242a
101c,2614
1c0,56d
32a9,22a2
22a2,1c0
3224,3abf
1ebc,31f
2339,1dae
3d3,1279
e92,1cf
1cf,b7c
3e10,37dd
92c,14c5
14c5,3658
2d99,30db
189c,3e10
2fcf,101e
2aa1,3222
242a,11af
2e6c,2b13
2193,2fcf
3658,2062
1434,164b
2919,9bb
3267,1368
1d82,2ae2
1116,337f
3a51,33c2
2291,2fcc
101e,d37
2b13,1670
337f,2247
739,97a
1dae,9bb
268a,1206
11bf,162e
96d,df6
3b1d,1ebc
558,2baf
2fcc,989
3e58,1e58
1279,1434
1c0e,2291
27c,2bf2
162e,291f
71d,241a
241a,96d
2e90,a26
97a,2e90
df6,2101
a26,3e58
2baf,71d
69b,69b
291f,558
1515,3702
2101,27c
393d,11bf
1726,2339
3702,1515
2234,2234
2bf2,739
3262,1726
3616,3262
1f4e,3616
3c39,3fb8
3fb8,3c39
