algorithm:RIPEMD160, bits:14, random:0, round:26, reduction:end
c7b,375a
ecd,18d
3d13,3fbb
65f,16c
1717,10f4
2943,1f61
3797,2a39
3320,1d82
1a69,16ba
3220,2a6b
1d00,3a12
8ca,d94
3e05,3329
25f,1717
e4c,3879
3384,5d0
693,174a
2203,2c70
374,25bc
1b72,3bba
1d82,2ae2
1ebc,31f
3cdc,2272
3948,385c
3c8b,d8e
9ae,9e
2a39,3de4
3329,35d1
354d,2d3d
7f6,bff
226c,2039
1faa,948
3282,23ee
130,3e66
388e,317
191f,3e32
9bb,3320
2d50,1faa
cb5,10b1
1531,15cf
a26,3e58
1430,3793
c34,3909
101e,d37
bc1,2e05
3cf2,8f9
2705,1c7e
2298,3b89
54f,5d2
18ca,2163
178e,62b
21e8,3d2f
2a6b,285c
1c7e,2bb6
e33,c1c
35be,1954
30db,3b8a
3e25,3116
1c0,56d
1134,1430
1e33,267c
2a62,38c1
3b89,24e
96d,df6
7fb,1246
1a7d,3cdc
2707,54f
306c,15fa
10e3,1990
398c,20f6
c0b,2e24
38cd,c7b
1a6a,2cf5
32b4,39fd
385c,1e4e
1ece,2629
3e83,29cf
276e,241
3a3a,14d3
aac,372
114f,2436
2101,27c
2d39,2290
213,1264
325,a6
1c7b,906
649,3ff6
1f3d,3c12
872,35c8
f62,535
11e6,267d
11ec,1444
1670,ca
2208,2608
25bc,1134
1a91,3e2c
2a5d,3f42
1a17,ace
1699,e06
1826,2fc0
31f,3b7a
3dc3,1bf0
a62,2e33
ace,39bc
2d3d,1137
2062,3a7a
e7,1e11
18f3,3ab5
33c2,30ea
3616,3262
1748,301f
af6,14f9
d78,16a4
673,2565
3262,1726
332e,20bc
38c1,3a9a
3010,1792
2163,1ca1
1171,12ae
2128,673
56d,32a9
57c,309d
32a9,22a2
3e2d,2c2b
2125,21bf
2d79,1b7c
c73,3e83
1a38,3258
333a,3f5
2abb,1831
3b1d,1ebc
3785,c34
3658,2062
34a4,3797
2cbb,379
2629,32f
3ff6,26d7
241,1531
3c9c,ead
2565,424
28f8,310b
3e66,2d50
181e,d5d
3915,2bed
11bf,162e
1d42,307e
2356,66f
2fcf,101e
2058,548
2344,3dc3
6a5,2ec2
1c0e,2291
3fa4,1f9c
1f64,1837
399b,1d7f
3cc4,65f
171e,3301
115c,2594
3f5,276e
148,3c8b
3b8a,35be
372,1e21
2dcf,3b6e
1e03,3e34
244c,3a39
1726,2339
4ec,836
15cf,c73
12bc,fbd
1137,af6
3d24,be5
13,7df
964,336e
1368,1c0e
3a14,92c
989,3d3
1e55,2705
5d2,2a0b
1b,1895
861,3ed9
3844,3a51
25a0,3d49
3ced,105b
1f11,1e4e
1e5a,23ec
3e2,1c2f
11cc,3528
8ad,2a35
2cc7,1bb4
2695,19ce
222b,2c20
157e,31b9
1eb3,1527
19ce,1a6a
16c3,2f28
32a,2ca3
15f0,3adf
20bc,6d3
3c2d,2c04
d6b,106e
338f,2dd5
20f7,3da7
3879,3cc4
3793,130
21a5,3cbc
a9b,3e05
1f36,9c2
2653,14d1
6ad,9b2
3adf,3ebc
2f2b,3282
543,113
3abf,254c
1206,242a
183a,115c
2467,191f
39fd,34a3
35d5,7fb
2339,1dae
2e81,2469
1903,18f5
1c71,2100
1026,52c
164b,846
301d,1a38
307e,2ed
df6,2101
99e,181e
d37,3a14
1262,3389
337f,2247
309d,1298
1895,11c
317,12a4
30ea,3224
1f4e,3616
291f,558
1bf0,1748
1e82,d81
3cb,1a7
d5d,1d42
2291,2fcc
1c73,1ff7
19ad,1f90
3e2c,325
71d,241a
2b23,1a7d
1d6b,1a3
2ed,1e04
2eab,f9e
535,28ed
3ebc,7e
14f8,6a5
10c1,2695
2fc0,287b
2814,3e1f
34d1,3a3a
268a,1206
fbd,36de
3f63,3875
287b,2a62
1f5f,374
3f5d,3262
1444,1e05
1add,3b38
243d,3db
3a51,33c2
1361,6ad
12fd,10be
644,1e5a
3dab,22c1
2b67,235f
31dc,3729
3fc3,226c
271c,1b15
2189,2c9f
3e5e,7a0
301f,2d99
18d,1b
2baf,71d
1c36,2cbb
1dae,9bb
37dd,2193
2987,1c7a
3224,3abf
345,3d24
14d1,15f0
76a,389b
9e,2d72
36b7,35f5
10ec,bc1
331b,7fa
1201,3cf2
2bf2,739
3267,1368
2bed,8f5
91a,ecd
355a,376d
3909,2298
183f,c34
3adb,99e
2e05,243d
309a,38aa
54e,2467
142c,2b23
3c12,3ba4
2d99,30db
83d,1c7b
3222,1116
cc9,1d59
2642,2db4
552,250c
a95,91a
3e5f,102e
2e33,bfb
1409,393d
2c04,2128
16c,2c45
2dd5,3b3c
32f4,25a6
cf4,2e35
1e5f,a30
3eea,2a0
14df,27f4
18eb,1cc8
10b,2f02
3b99,1325
2272,d38
3c19,21a5
cb8,15f
31f3,183f
14f9,8ca
8f5,147a
3a7a,3844
2ca3,f8d
e92,1cf
2c45,10ec
3583,1891
2ae2,1f5f
2919,9bb
d8e,1f64
130f,2cc7
34a3,2b0a
242a,11af
254c,36b7
3d04,39d5
2e90,a26
3914,f2e
346a,35d5
2aa1,3222
7df,396
2290,15c0
1a3,2919
7e,e4c
1cc8,54e
24e,3134
c9f,2d0
434,376e
1954,c9f
3a75,333a
3357,19ce
3f44,20b2
268,1cd6
2c20,83d
7a0,2104
2301,222b
37e9,355a
18f5,1f91
c81,726
1bc,1489
2c8f,1c6c
1d7f,14ba
1e05,3e75
2b0a,130f
3e10,37dd
1e11,1e33
16ba,1ae3
2ecf,2653
2cf5,39e8
bfb,d6b
1e4e,18ca
1a59,c2f
3bba,f01
143a,345
162e,291f
1232,237
32f,2208
3b51,148f
e06,23f0
1f9c,1369
1f61,3352
3ab5,7fa
3f59,3f5
cfd,3fbb
1489,348d
267c,34a4
38b9,eab
300a,248
2100,1add
2547,2d85
36cf,1361
1810,a62
28ba,38cd
3d3e,26ae
366a,be0
1b8d,101c
39bc,7f6
22ab,26a2
ad3,259a
92c,14c5
290d,34d1
35d1,3c2d
393d,11bf
c0a,1826
3db,1c
3a2b,31da
1c6c,cb5
1e04,3071
3f7e,1f28
1481,2eab
375a,148
396,2344
c47,25f
1c2f,3fc3
399d,739
12ae,32d6
1264,1962
3fb4,28f8
31b,3d4b
3de4,1f4e
38ca,298c
2f02,1812
3d62,2c06
30a6,cf4
2a35,c0a
3b7a,3b1d
3f91,3bda
920,772
13fd,634
3833,356c
102e,3305
3575,2e81
2d0,552
2039,373b
25a6,3ce2
2614,3267
1f3a,1e7e
1812,230f
3352,a01
20c5,1481
27d7,1dbc
1962,1232
836,21e8
14ba,3e21
659,35e7
3b4a,32b4
3e32,3e5e
10be,346a
424,1ece
320d,1295
558,2baf
7a8,398c
3258,290d
8,3d5e
2085,ec9
250c,1d6b
26d7,a9b
27e7,178e
28d2,2906
37c2,d82
23ee,1f59
3d4b,2071
3ee7,1026
1106,296b
b98,268
2dfd,2058
1116,337f
3283,14d1
a01,2820
97a,2e90
2aeb,b90
1ac8,3187
22a2,1c0
b3a,1a17
35c8,3fa4
1990,1a66
b92,18bb
170c,1e7a
23f0,3220
b82,133f
1c01,188e
21c6,178d
a30,3960
2594,1a59
2b16,121d
35f5,1b8d
159,2803
2d85,2f06
2c9f,2642
906,1903
1e57,1759
204f,338f
15fa,a3f
32d6,1444
1295,300a
9c2,1abc
f8d,3583
2b8e,3116
12f2,3a14
1524,2b9b
3da7,35c
328c,b3a
3bfb,1821
356c,2416
3064,cfd
2bb6,28ba
ec1,9cc
2436,332e
3820,19e5
b95,3b4a
3134,1a69
3729,8ad
30d2,3cd8
e52,33c0
241a,96d
29cf,3e25
147a,3fea
1b15,eb3
a6,a1b
2902,105d
16fa,1b6d
1ae3,543
3e75,3c19
2416,1409
1712,176b
1eb8,3e2d
26ae,920
291,83d
3aaa,2214
27fc,a12
27fe,1d51
28b3,2e4d
469,323a
1d69,fd1
1f28,2938
9b2,57c
26a2,6a4
1c,1b72
2d7e,3ff1
1bb4,469
3e58,1e58
be0,2b6f
1c7a,649
2820,2203
3cfb,2aca
237,f1f
1da5,769
2b7a,2580
266d,114f
85,3706
b90,30c0
3ce2,a95
eab,16fc
1ff7,354d
113,3a3a
de6,1288
1cd6,273c
178d,76a
34cb,1e5f
3cbc,11a5
1f91,2943
349c,3892
2256,4ec
1f47,2551
38b4,1348
2f28,3e2
2104,3833
10f4,e33
fd1,2b67
1b6b,3adb
18a3,1c0d
739,97a
27f4,10c1
26c1,2b16
106e,2128
ef6,1da5
3fea,18ff
1a66,1f20
10b1,b6f
1792,efa
2fe1,3f44
2bc5,3283
2bb2,26f5
3a0d,2010
2938,12bc
3709,204f
d94,4cc
2905,3fb4
259a,39ff
769,20f7
2de3,366a
3314,1a93
1c0d,38ca
607,18f3
e3f,3709
29aa,b92
62b,3e5f
1fcd,3446
3116,2987
ea4,3d92
2471,1848
27bf,37c2
2193,2fcf
351f,399b
14c5,3658
1b4f,120e
d38,10e3
d82,3ced
1f59,328c
2c2b,11ec
1490,2301
3f6,869
17d7,3320
3a9a,1b65
292e,1201
2a06,1a91
59e,7f1
c2f,1728
1bb1,375d
1298,cb2
3e7c,627
1b6d,1c36
34b4,30d2
3d2f,183a
3a39,3dab
348d,2abb
15f,1eb8
3ddc,1c5c
1b39,1973
3ba2,386
3f93,2ed6
ff,17e5
2a83,171e
346c,2196
3389,2c8f
3b28,14df
f1f,1c4
2a0b,301d
3517,1c2e
bff,3f59
3f49,1393
11af,2aa1
f01,31dc
9cc,3424
39ff,1810
1973,320d
189c,3e10
2551,e3f
3ba4,b84
471,181e
634,a34
3775,2125
3d3,1279
3bda,18a3
87,3a70
2394,29aa
130b,2bc0
3164,2814
3dfd,2d7e
8fc,3ac5
b84,158f
105b,aac
3670,3b7a
3b6e,3b26
1ee9,4e0
2b6f,213
14d3,18eb
1da4,1106
be5,16ed
1a4,28d2
21bf,3915
3221,3f7e
1ca1,1490
2e35,22b3
27b,39e9
2ed6,292e
3414,1801
1be3,3414
230f,38b9
69b,69b
27c,2bf2
6de,2707
376d,766
2fcc,989
17b7,306c
1246,1699
1837,2880
2f7c,2d45
3301,9bd
412,ad3
16ed,3785
948,13
188e,2202
35b,bf8
1831,2256
c3c,1ac8
efa,1cc3
1801,2547
cb2,27bf
35a3,3361
2966,17b7
3d49,34b4
375d,2d39
2db4,3c9c
2cf6,87
3fbb,1f47
26f5,2a06
1eda,3640
3071,1f11
1e58,268a
2e98,38e3
28ed,301d
2580,861
1e41,c63
cc8,c81
23ec,34cb
2c6d,3010
1c1f,3619
137,2e6c
fc0,1fe4
18e6,1326
298c,26f1
2a0,1201
7fa,e7
1a08,471
6a4,3f91
182a,2356
1c4,311e
158f,30a6
1740,fcc
3d92,ef6
13ca,1d69
1b75,3aaa
28fc,3775
1a93,fe8
5b4,2d62
726,1da4
c1c,1b20
1655,c47
12a3,32b
3ff1,1262
2cfe,25a0
2247,189c
1cc3,1524
384a,872
36de,6de
548,3ced
39e8,3f5d
1fe0,218e
32b,384a
2cc4,2dc0
688,14f8
22c1,1c73
11f3,1ee9
1f20,1fe0
31da,1f36
11a5,2966
ed2,3c2e
306a,1504
2132,3dfd
3ac5,2132
869,3033
7ad,56d
3083,1aac
39d5,3064
285c,2394
284b,155f
2880,1d00
1a1,43e
277b,3948
98,2a83
1e21,1171
1bf5,7ad
3537,202a
2b9b,35b
a34,3a75
a1b,1e55
3702,1515
4cc,3a9d
16fc,142c
323a,2cf6
1c5c,3eea
35c,13fd
7f1,143a
1434,164b
2071,2189
dd3,8e1
26f1,240f
377c,13ae
2214,306a
169c,2b7a
3a70,b98
fe8,1ed9
ed,6d1
1369,3833
33c0,351f
5d0,1f3a
101c,2614
1b65,2b8e
1279,1434
d81,1be3
16a4,27fc
1dfc,fc0
1326,3821
3b3c,2f2b
310b,10b
54c,5cc
2e10,874
bf8,1bf5
2df6,1b39
398d,32a
2982,3ee7
19e5,1262
ca,e92
3347,3164
1d59,3d62
9bd,3da7
1d06,1a1
a3f,1eb3
293,3d89
f73,336
81a,1712
11de,1596
39e9,12b0
3f42,c0b
766,c91
6d3,106b
e66,de6
3960,98
13da,291
218e,16fa
2560,644
1885,e0a
d3a,e67
221c,3cf9
3f58,7b7
11c,ed2
148f,2e0b
60a,2085
3d5e,3f6
389b,2d9a
2c06,71e
2e6c,2b13
2d4b,271b
7cc,1c01
373b,3d3e
286,362a
311e,e52
e0a,1b75
6ec,2e05
ec9,3b51
3808,1a4
20b2,59e
1596,659
2f8,293
1821,688
2efa,2ed
3892,2902
3821,2fe1
3e1f,2560
3875,ed5
ead,11f3
c68,2df6
3b26,cb8
155d,1bf4
3a12,cc8
20db,13da
1450,1a08
2bb7,266d
eb3,c3b
3204,3384
7,26d9
26f4,fbb
3e34,25db
1288,13ca
3619,c3c
675,159d
3424,28fc
1527,32f4
1fe4,169c
2608,12fd
3a9d,38b2
2f06,398d
2c70,20c5
1e8c,dd3
3406,19ad
13cb,180f
15e0,22ab
3446,3914
71e,24ab
296b,2dfd
a12,2efa
1c96,27ab
38e3,387b
1dbc,1e2c
362a,f62
34a7,1eda
2202,5b4
1022,35a3
1b7c,8fc
1a65,31b
3f0b,3a0d
846,137
1044,7a8
43e,ea4
a7f,3a57
21e0,13cb
3187,27fe
1e2c,2a5d
b1d,36cf
1b20,2bb2
22b3,1fd4
3528,98
c91,2c6d
1325,271c
1488,331b
6d1,1e03
120e,12fa
2276,2e98
1304,14c7
1d51,2d50
1891,277b
2010,2ecf
1d6a,1c3d
3e21,2bb8
234c,16ec
121d,54c
26af,2f02
1a7c,1892
106b,3d13
387b,2dcf
19a2,2e10
2906,2aeb
18ff,37e9
386,2bb7
18bb,1ff3
587,286
f2e,634
1c2e,211c
1393,a7f
1e7e,1022
2d62,16c3
742,155d
2d9a,b1d
2d72,2cfe
14c7,693
26d9,2bc2
3551,3808
1fd4,11cc
133f,3670
3361,31f3
3a57,1907
1aac,3c0f
273c,3820
1f90,2c23
3024,1b4f
2bba,1044
772,3517
2166,3e7c
c63,3308
28c5,3665
1ed9,ed
4e0,9ae
3c2e,34a7
c3b,3901
4bf,3f49
202a,234c
3750,3314
2bb8,8
359e,1c71
3308,2abd
1ca9,2cfb
2d21,3f63
1f50,1a65
1ff3,3221
2803,412
3901,3a2b
3305,1e82
1348,1b6b
2dc0,f4b
1abc,12a3
1515,3702
3cf9,1b20
f9e,3b99
3d89,b95
1d24,21bf
2196,101e
7b7,3750
1a7,2bc5
1848,7cc
360f,7fa
2234,2234
fcc,6ec
1327,26af
1b8c,37e3
31b9,4bf
180f,1bb1
627,1bc6
17e5,28b3
376e,37f1
2ec2,3ddc
c0e,2d79
31b1,f73
37e3,3cb
19a4,c0e
2aca,ec1
1504,cc9
2dca,160f
1cb9,1327
3665,2982
117e,2aa8
283e,28c5
35e7,346c
14bb,2fd2
248,3d04
12b0,21c6
38b2,27e7
2e76,1913
2b13,1670
3cd8,283e
24ab,3a75
12a4,3406
1e7a,1cd7
336e,1885
2bc0,399d
30ad,1bc
1e0f,2812
20f6,b82
3b38,1488
1bce,884
2bb9,111e
30c0,17d7
19bc,2e3c
271b,81a
2e0b,1450
1fb3,1e41
1e80,38b4
37f1,1b8c
16ec,1d06
884,2891
8f9,3b28
2e24,12f2
b6f,2276
174a,182a
17b,3537
27ab,1304
11d6,9bb
235f,1fcd
768,3575
12fa,2471
2e4d,c68
2e3c,3347
3416,3224
211c,25f
3ed9,2de3
1728,607
340d,1dfc
379,359e
336,360f
2abd,3f0b
13ae,85
249c,27b
3b98,340d
2733,768
66f,b95
8e1,ffd
1907,2905
2c23,249c
275c,388e
3391,2166
5cc,1f3d
2cfb,1655
238a,3024
1cd7,20db
874,759
15c0,1452
52c,157e
35dd,2cc4
2812,964
b7c,2339
3646,3df9
176b,4d
3880,7
3bce,1b6b
159d,3b1d
17ae,267b
2a10,2bba
3033,18e6
fbb,191f
759,1d24
1759,3357
35a9,3416
3ef0,434
33ab,2d21
25db,11d6
1c51,1e57
2891,2d4b
313e,14bb
160f,244c
3df9,3204
2bc2,2e76
392c,1fb3
10a4,275c
166d,392c
105d,19a4
1892,11de
3706,10a4
4d,3f65
3c0f,26c1
691,2f7c
2469,159
1bc6,377c
1452,587
155f,1bce
267b,3391
2b5e,2f8
2b48,27d7
2fd2,e66
240f,3ef0
3b0d,1cb9
1913,31b1
2d45,3f93
3f65,1ca9
1cf,b7c
ffd,19a2
38aa,675
ed5,2b48
1c3d,1f50
f4b,221c
1814,238a
3166,35a9
3c6,1814
111e,17b
296f,26f4
2aa8,3646
38f8,3f0b
1bf4,349c
267d,33ab
e67,2a10
3640,3880
3fb8,3c39
3c39,3fb8
